,name,address,location,amentities,price,rating,city,Check_in_date,Check_out_date
0,The Park New Delhi,"15 Parliament Street, Near Connaught Place, New Delhi, Delhi N.C.R, 110001, India","0.6 km to city centre
15 km to Indira Gandhi International Airport (DEL)",PoolFree parkingSpaGymRestaurantBar,"Rs7,198",Good 6.8,New Delhi,24-02-2021,26-02-2021
1,The Metropolitan Hotel and Spa New Delhi,"Bangla Sahib Road, Connaught Place, New Delhi, Delhi N.C.R, 110 001, India","1.1 km to city centre
15 km to Indira Gandhi International Airport (DEL)",PoolFree parkingAirport transferSpaGymRestaurant,"Rs7,000",Very good 8.2,New Delhi,24-02-2021,26-02-2021
2,"Eros Hotel New Delhi, Nehru Place","Nehru Place, New Delhi, 110019, India","9.7 km to city centre
16 km to Indira Gandhi International Airport (DEL)",PoolFree parkingAirport transferRestaurantBarBathtub,"Rs7,049",Good 7.4,New Delhi,24-02-2021,26-02-2021
3,"Eros Hotel New Delhi, Nehru Place","Nehru Place, New Delhi, 110019, India","9.7 km to city centre
16 km to Indira Gandhi International Airport (DEL)",PoolFree parkingAirport transferRestaurantBarBathtub,"Rs7,049",Good 7.4,New Delhi,24-02-2021,26-02-2021
4,"Red Fox Hotel, Delhi Airport","Asset Number 6, Aerocity Hospitality District, New Delhi, Delhi N.C.R, 110037, India","13 km to city centre
3.7 km to Indira Gandhi International Airport (DEL)",GymRestaurantConnecting rooms available,"Rs4,480",Good 7.8,New Delhi,24-02-2021,26-02-2021
5,Novotel New Delhi Aerocity Hotel,"Asset 2, Aerocity Hospitality District, IGI Airport New Delhi, New Delhi, Delhi N.C.R, 110037, India","13 km to city centre
3.6 km to Indira Gandhi International Airport (DEL)",PoolFree parkingSpaGymRestaurantBar,"Rs5,441",Very good 8.4,New Delhi,24-02-2021,26-02-2021
6,Novotel New Delhi Aerocity Hotel,"Asset 2, Aerocity Hospitality District, IGI Airport New Delhi, New Delhi, Delhi N.C.R, 110037, India","13 km to city centre
3.6 km to Indira Gandhi International Airport (DEL)",PoolFree parkingSpaGymRestaurantBar,"Rs5,441",Very good 8.4,New Delhi,24-02-2021,26-02-2021
7,OYO 11403 Hotel Daffodils,"105, B-105, Gurugram, India","26 km to city centre
13 km to Indira Gandhi International Airport (DEL)",Free parkingRestaurantBathtub,"Rs3,725",,New Delhi,24-02-2021,26-02-2021
8,Roseate House,"Plot No. 10, GMR Hospitality District, Indira Gandhi International Airport, New Delhi, Delhi N.C.R, 110037, India","13 km to city centre
3.4 km to Indira Gandhi International Airport (DEL)",PoolFree parkingAirport transferSpaGymRestaurant,"Rs8,124",Fabulous 8.6,New Delhi,24-02-2021,26-02-2021
9,Hotel Godwin Deluxe,"8501/15 Arakashan Road, Paharganj, New Delhi, Delhi N.C.R, 110055, India","1.5 km to city centre
16 km to Indira Gandhi International Airport (DEL)",Free parkingAirport transferRestaurantBarInternet accessConnecting rooms available,"Rs2,760",Good 7.4,New Delhi,24-02-2021,26-02-2021
10,Hotel Godwin Deluxe,"8501/15 Arakashan Road, Paharganj, New Delhi, Delhi N.C.R, 110055, India","1.5 km to city centre
16 km to Indira Gandhi International Airport (DEL)",Free parkingAirport transferRestaurantBarInternet accessConnecting rooms available,"Rs2,760",Good 7.4,New Delhi,24-02-2021,26-02-2021
11,"Taj Palace, New Delhi","2 Sardar Patel Marg, New Delhi, Delhi N.C.R, 110 021, India","6.3 km to city centre
9.4 km to Indira Gandhi International Airport (DEL)",PoolFree parkingAirport transferSpaGymRestaurant,"Rs15,438",Superb 9.0,New Delhi,24-02-2021,26-02-2021
12,ibis New Delhi Aerocity Hotel,"Asset No 9, Hospitality District, Delhi Aerocity, New Delhi, Delhi N.C.R, 110037, India","13 km to city centre
3.7 km to Indira Gandhi International Airport (DEL)",PoolFree parkingPet-friendlyGymRestaurantBar,"Rs4,400",Good 7.8,New Delhi,24-02-2021,26-02-2021
13,The Claridges New Delhi,"12 Dr APJ Abdul Kalam Road, (Formerly known as Aurangzeb Road), New Delhi, National Capital Territory of Delhi, 110011, India","9.1 km to city centre
6.5 km to Indira Gandhi International Airport (DEL)",PoolFree parkingAirport transferSpaGymRestaurant,"Rs7,650",Fabulous 8.8,New Delhi,24-02-2021,26-02-2021
14,ADB Rooms Gaurav Guest House,"9201/4,Multani Dhanda, Paharganj, New Delhi, DL, 110055, India","1.9 km to city centre
16 km to Indira Gandhi International Airport (DEL)",Bathtub,"Rs3,200",,New Delhi,24-02-2021,26-02-2021
15,Hotel Sohi Residency,"8/25, W.E.A., Karol Bagh, New Delhi, Delhi N.C.R, 110005, India","3.4 km to city centre
14 km to Indira Gandhi International Airport (DEL)",Free parkingAirport transferGymMeeting Facilities,"Rs4,755",Very good 8.0,New Delhi,24-02-2021,26-02-2021
16,"D Pavillon Boutique Hotel, Delhi Airport","Road Number 6, A block 252-C, Mahipalpur, New Delhi, Delhi N.C.R, 110037, India","13 km to city centre
4.2 km to Indira Gandhi International Airport (DEL)",Free parkingPet-friendlyRestaurant,"Rs3,999",2,New Delhi,24-02-2021,26-02-2021
17,Hotel Blue Stone - Nehru Place,"CC-24, Nehru Enclave, Opp. Paras Cinema, Nehru Place, New Delhi, Delhi, 110019, India","10 km to city centre
16 km to Indira Gandhi International Airport (DEL)",Free parkingRestaurant,"Rs3,276",Good 7.6,New Delhi,24-02-2021,26-02-2021
18,Pride Plaza Hotel Aerocity New Delhi,"5-A, Hospitality District, Aerocity, Indra Gandhi International Airport, New Delhi, Delhi, 110037, India","13 km to city centre
3.5 km to Indira Gandhi International Airport (DEL)",PoolFree parkingSpaGymRestaurantBar,"Rs5,078",Good 7.6,New Delhi,24-02-2021,26-02-2021
19,WelcomHeritage Haveli Dharampura,"2293, Gali Guliyan, Dharampura, Delhi-6, Near Jama Masjid Gate No. 3, New Delhi, 110006, India","2.6 km to city centre
18 km to Indira Gandhi International Airport (DEL)",Parking availableAirport transferRestaurantBarConnecting rooms available,"Rs14,998",Fabulous 8.8,New Delhi,24-02-2021,26-02-2021
20,"Vivanta New Delhi,Dwarka","Metro Station Complex, Sector 21, New Delhi, Delhi N.C.R, 110075, India","17 km to city centre
2.3 km to Indira Gandhi International Airport (DEL)",PoolParking availablePet-friendlySpaGymRestaurant,"Rs5,698",Very good 8.2,New Delhi,24-02-2021,26-02-2021
21,"Vivanta New Delhi,Dwarka","Metro Station Complex, Sector 21, New Delhi, Delhi N.C.R, 110075, India","17 km to city centre
2.3 km to Indira Gandhi International Airport (DEL)",PoolParking availablePet-friendlySpaGymRestaurant,"Rs5,698",Very good 8.2,New Delhi,24-02-2021,26-02-2021
22,Hotel Krishna Plaza,"Plot No.1, Block 80-A Main Bazar, Paharganj, Nr. R.K.Ashram Marg Metro Stn, New Delhi, Delhi, 110055, India","1.2 km to city centre
15 km to Indira Gandhi International Airport (DEL)",Free parkingSpaRestaurant,"Rs2,220",5,New Delhi,24-02-2021,26-02-2021
23,Sheraton New Delhi Hotel,"District Centre, Saket, New Delhi, Delhi N.C.R, 110017, India","12 km to city centre
13 km to Indira Gandhi International Airport (DEL)",PoolFree parkingAirport transferSpaGymRestaurant,"Rs7,198",Very good 8.4,New Delhi,24-02-2021,26-02-2021
24,Svelte Hotel & Personal Suites,"A3 District Centre, Select citywalk, Saket, New Delhi, Delhi N.C.R, 110017, India","12 km to city centre
13 km to Indira Gandhi International Airport (DEL)",PoolFree parkingAirport transferGymRestaurantBar,"Rs6,598",Good 7.6,New Delhi,24-02-2021,26-02-2021
25,Pullman New Delhi Aerocity Hotel,"Asset No 2, Aerocity Hospitality District, New Delhi, Delhi N.C.R, 110037, India","13 km to city centre
3.6 km to Indira Gandhi International Airport (DEL)",PoolFree parkingSpaGymRestaurantBar,"Rs7,920",Fabulous 8.8,New Delhi,24-02-2021,26-02-2021
26,Shervani Hotel Nehru Place,"B-20, Chirag enclave, New Delhi, Delhi N.C.R, 110048, India","9.9 km to city centre
16 km to Indira Gandhi International Airport (DEL)",Free parkingAirport transferGymRestaurantMeeting Facilities,"Rs6,288",Good 7.6,New Delhi,24-02-2021,26-02-2021
27,Hotel Sunstar Heritage,"8A/43, W.E.A. Channa Market, Karol Bagh, New Delhi, Delhi N.C.R, 110005, India","3.8 km to city centre
14 km to Indira Gandhi International Airport (DEL)",Free parkingAirport transferRestaurantConnecting rooms availableMeeting Facilities,"Rs3,060",Good 7.8,New Delhi,24-02-2021,26-02-2021
28,Radisson Blu Plaza Delhi Airport,"Near Mahipalpur Extension NH 8, New Delhi, Delhi N.C.R, 110037, India","14 km to city centre
3.5 km to Indira Gandhi International Airport (DEL)",PoolFree parkingAirport transferGymRestaurantBar,"Rs5,625",Very good 8.4,New Delhi,24-02-2021,26-02-2021
29,TG Tashkent Hotel,"2710, STREET NO-8 CHUNA MANDI, PAHARGANJ, New Delhi, DELHI, 110055, India","1.5 km to city centre
16 km to Indira Gandhi International Airport (DEL)",,"Rs2,998",,New Delhi,24-02-2021,26-02-2021
30,The Ashok,"Diplomatic Enclave 50-b, Chanakayapuri, New Delhi, Delhi N.C.R, 110 021, India","4.7 km to city centre
12 km to Indira Gandhi International Airport (DEL)",PoolFree parkingAirport transferSpaRestaurantBar,"Rs10,498",Good 6.6,New Delhi,24-02-2021,26-02-2021
31,The Orion Plaza,"CC-26, Nehru Enclave, New Delhi, Delhi N.C.R., 110019, India","10 km to city centre
16 km to Indira Gandhi International Airport (DEL)",Free parkingAirport transferRestaurantMeeting Facilities,"Rs5,421",Good 7.2,New Delhi,24-02-2021,26-02-2021
32,The Orion Plaza,"CC-26, Nehru Enclave, New Delhi, Delhi N.C.R., 110019, India","10 km to city centre
16 km to Indira Gandhi International Airport (DEL)",Free parkingAirport transferRestaurantMeeting Facilities,"Rs5,421",Good 7.2,New Delhi,24-02-2021,26-02-2021
33,Connaught Royale,"106 Babar Road, Connaught Place, New Delhi, 110001, India","0.8 km to city centre
16 km to Indira Gandhi International Airport (DEL)",Free parkingAirport transferRestaurantMeeting Facilities,"Rs7,279",Good 7.8,New Delhi,24-02-2021,26-02-2021
34,Hyatt Regency Delhi,"Bhikaiji Cama Place Ring Road, New Delhi, Delhi N.C.R, 110066, India","7.9 km to city centre
9.8 km to Indira Gandhi International Airport (DEL)",PoolFree parkingSpaGymRestaurantBar,"Rs9,998",Very good 8.2,New Delhi,24-02-2021,26-02-2021
35,"Ambassador, New Delhi-IHCL SeleQtions","Sujan Singh Park, Subramania Bharti Marg, New Delhi, Delhi N.C.R, 110003, India","3.6 km to city centre
15 km to Indira Gandhi International Airport (DEL)",PoolFree parkingPet-friendlySpaGymRestaurant,"Rs7,898",Fabulous 8.8,New Delhi,24-02-2021,26-02-2021
36,Hotel ARCH,"A-74, Road No. 4, Near IGI Airport, Mahipalpur, New Delhi, 110037, India","13 km to city centre
4.2 km to Indira Gandhi International Airport (DEL)",Free parkingAirport transferRestaurantInternet accessMeeting Facilities,"Rs2,899",Good 7.0,New Delhi,24-02-2021,26-02-2021
37,"Shangri-La's - Eros Hotel, New Delhi","19, Ashoka Road, Connaught Place, New Delhi, Delhi N.C.R, 110001, India","1.2 km to city centre
15 km to Indira Gandhi International Airport (DEL)",PoolFree parkingAirport transferSpaGymRestaurant,"Rs12,000",Superb 9.2,New Delhi,24-02-2021,26-02-2021
38,Radisson Blu Hotel New Delhi Dwarka,"Plot No. 4, Sector 13, Dwarka, New Delhi, Delhi N.C.R, 110075, India","18 km to city centre
6.5 km to Indira Gandhi International Airport (DEL)",PoolFree parkingSpaGymRestaurantBar,"Rs5,118",Good 6.4,New Delhi,24-02-2021,26-02-2021
39,Hotel City Star,"8718 D.B. Gupta Road Paharganj, New Delhi, Delhi N.C.R, 110055, India","1.5 km to city centre
16 km to Indira Gandhi International Airport (DEL)",Free parkingAirport transferGymRestaurantMeeting Facilities,"Rs4,399",Very good 8.2,New Delhi,24-02-2021,26-02-2021
40,Radisson Blu Hotel New Delhi Paschim Vihar,"Plot No D, Dist Centre, Outer Ring Road, Paschim Vihar, New Delhi, Delhi N.C.R, 110063, India","13 km to city centre
12 km to Indira Gandhi International Airport (DEL)",PoolFree parkingAirport transferSpaGymRestaurant,"Rs4,480",Good 7.6,New Delhi,24-02-2021,26-02-2021
41,Radisson Blu Marina Hotel Connaught Place,"G-59 Connaught Place, New Delhi, Delhi N.C.R, 110001, India","0.3 km to city centre
15 km to Indira Gandhi International Airport (DEL)",Free parkingAirport transferSpaGymRestaurantBar,"Rs9,449",Good 7.0,New Delhi,24-02-2021,26-02-2021
42,WelcomHotel Dwarka - Member ITC Hotel Group,"Plot no 3, Sector 10, District Center, Dwarka, New Delhi, Delhi N.C.R, 110075, India","17 km to city centre
3.9 km to Indira Gandhi International Airport (DEL)",PoolFree parkingAirport transferSpaGymRestaurant,"Rs4,901",Good 7.8,New Delhi,24-02-2021,26-02-2021
43,WelcomHotel Dwarka - Member ITC Hotel Group,"Plot no 3, Sector 10, District Center, Dwarka, New Delhi, Delhi N.C.R, 110075, India","17 km to city centre
3.9 km to Indira Gandhi International Airport (DEL)",PoolFree parkingAirport transferSpaGymRestaurant,"Rs4,901",Good 7.8,New Delhi,24-02-2021,26-02-2021
44,Treebo Trend AND,"2A Bhawani Kunj, Behind D2 Vasant Kunj, Near ILBS Hospital Gate 6, New Delhi, National Capital Territory of Delhi, 110070, India","15 km to city centre
9.3 km to Indira Gandhi International Airport (DEL)",Free parkingRestaurant,"Rs4,511",Very good 8.4,New Delhi,24-02-2021,26-02-2021
45,Omehar Stay,"A 1029/1 Road No. 6 & 7, Near NH-8 Mahipalpur, New Delhi, Delhi, 110037, India","13 km to city centre
4.5 km to Indira Gandhi International Airport (DEL)",Free parkingPet-friendlyAirport transferRestaurantBar,"Rs1,800",,New Delhi,24-02-2021,26-02-2021
46,Hyatt Place Gurgaon Udyog Vihar,"15/1 Old Delhi-Gurgaon Road, Sector 18, Gurugram, Delhi N.C.R, 122015, India","21 km to city centre
6.4 km to Indira Gandhi International Airport (DEL)",PoolParking availablePet-friendlyAirport transferGymRestaurant,"Rs4,930",Very good 8.0,New Delhi,24-02-2021,26-02-2021
47,Radisson Blu Kaushambi Delhi NCR,"H-3, Sector - 14, Kaushambi, Noida, Delhi N.C.R, 201010, India","11 km to city centre
25 km to Indira Gandhi International Airport (DEL)",PoolFree parkingAirport transferSpaGymRestaurant,"Rs5,598",Very good 8.4,New Delhi,24-02-2021,26-02-2021
48,Mandakini Palace,"8/29, W.E.A.,Abdul Aziz Road, Near Jessa, Ram Hospital,Karol Bagh, New Delhi, Delhi, 110005, India","3.0 km to city centre
14 km to Indira Gandhi International Airport (DEL)",Free parkingRestaurantInternet access,"Rs4,489",,New Delhi,24-02-2021,26-02-2021
49,Andaz Delhi - a concept by Hyatt,"Aerocity, New Delhi, Delhi N.C.R., 110037, India","13 km to city centre
3.5 km to Indira Gandhi International Airport (DEL)",PoolFree parkingPet-friendlyAirport transferSpaGym,"Rs10,200",Superb 9.0,New Delhi,24-02-2021,26-02-2021
50,Hotel Sunstar Grand,"7A/17, W.E.A., Channa Market, Karol Bagh, New Delhi, Delhi N.C.R, 110005, India","3.8 km to city centre
14 km to Indira Gandhi International Airport (DEL)",Free parkingAirport transferRestaurant,"Rs2,400",Good 7.6,New Delhi,24-02-2021,26-02-2021
51,River Front Hotel Delhi,"A 32/C Kharsa No 391/1, 339/2 Mahipalpur, New Delhi, Delhi, 110037, India","14 km to city centre
4.5 km to Indira Gandhi International Airport (DEL)",Free parking,"Rs1,199",,New Delhi,24-02-2021,26-02-2021
52,The Sun Court Hotel Yatri,"8A/33, W.E.A., Channa Market, Karol Bagh, New Delhi, Delhi N.C.R, 110005, India","3.7 km to city centre
14 km to Indira Gandhi International Airport (DEL)",Free parkingRestaurantMeeting Facilities,"Rs2,800",Good 7.2,New Delhi,24-02-2021,26-02-2021
53,Hotel Grand Godwin,"8502/41 Arakashan Road, Ram Nagar, Paharganj, New Delhi, Delhi N.C.R, 110055, India","1.5 km to city centre
16 km to Indira Gandhi International Airport (DEL)",Free parkingAirport transferRestaurantInternet accessConnecting rooms available,"Rs3,220",Good 7.0,New Delhi,24-02-2021,26-02-2021
54,Hotel Grand Godwin,"8502/41 Arakashan Road, Ram Nagar, Paharganj, New Delhi, Delhi N.C.R, 110055, India","1.5 km to city centre
16 km to Indira Gandhi International Airport (DEL)",Free parkingAirport transferRestaurantInternet accessConnecting rooms available,"Rs3,220",Good 7.0,New Delhi,24-02-2021,26-02-2021
55,ADB Rooms Days Inn,"Property No. 1, Khasra No. 107, Main Road Haiderpur, New Delhi, Delhi N.C.R., 110088, India","12 km to city centre
19 km to Indira Gandhi International Airport (DEL)",Bathtub,"Rs3,000",,New Delhi,24-02-2021,26-02-2021
56,Rockland Hotel Panchsheel Enclave,"C 30, Panchsheel Encalve, New Delhi, Delhi N.C.R, 110017, India","10 km to city centre
14 km to Indira Gandhi International Airport (DEL)",Free parkingAirport transferSpaRestaurantMeeting Facilities,"Rs3,598",Good 7.0,New Delhi,24-02-2021,26-02-2021
57,OYO 46221 Hotel Shiv Dev International,"8518-22, Arakashan Road, Behind Sheila Cinema,Paharganj, New Delhi, Delhi, 110055, India","1.5 km to city centre
16 km to Indira Gandhi International Airport (DEL)",Bathtub,"Rs2,018",,New Delhi,24-02-2021,26-02-2021
58,The Grand New Delhi,"Vasant Kunj, Phase II, Nelson Mandela Road, New Delhi, Delhi N.C.R, 110070, India","12 km to city centre
6.8 km to Indira Gandhi International Airport (DEL)",PoolFree parkingSpaGymRestaurantBar,"Rs7,198",Good 6.8,New Delhi,24-02-2021,26-02-2021
59,"The Oberoi, New Delhi","Dr. Zakir Hussain Marg, New Delhi, Delhi, 110003, India","4.5 km to city centre
16 km to Indira Gandhi International Airport (DEL)",PoolFree parkingAirport transferSpaGymRestaurant,"Rs27,000",Exceptional 9.8,New Delhi,24-02-2021,26-02-2021
60,Taj City Centre Gurugram,"Plot No. 1 Sector 44, Near HUDA Metro, Gurugram, Delhi N.C.R, 122 004, India","25 km to city centre
11 km to Indira Gandhi International Airport (DEL)",PoolFree parkingPet-friendlySpaGymRestaurant,"Rs8,325",Superb 9.0,New Delhi,24-02-2021,26-02-2021
61,bloomrooms @ New Delhi Railway Station,"8591 Arakashan Road, Opp. Railway Station, New Delhi, Delhi N.C.R, 110055, India","1.4 km to city centre
16 km to Indira Gandhi International Airport (DEL)",Parking availableAirport transferRestaurant,"Rs3,400",Fabulous 8.6,New Delhi,24-02-2021,26-02-2021
62,Hari Piorko Inn Express,"4775, Main Bazar Rd, Paharganj, New Delhi, 110055, India","1.1 km to city centre
16 km to Indira Gandhi International Airport (DEL)",Airport transferSpaRestaurantConnecting rooms available,"Rs2,199",Good 7.8,New Delhi,24-02-2021,26-02-2021
63,"Hotel The Raj, New Delhi","8495,Arakashan Road , Pahargunj, New Delhi, Delhi N.C.R, 110055, India","1.5 km to city centre
16 km to Indira Gandhi International Airport (DEL)",Free parkingRestaurantInternet accessMeeting Facilities,"Rs2,195",2,New Delhi,24-02-2021,26-02-2021
64,The Palms - Town & Country Club,"B Block, Sushant Lok, Phase I, Gurugram, Delhi N.C.R, 122001, India","24 km to city centre
11 km to Indira Gandhi International Airport (DEL)",PoolFree parkingAirport transferGymRestaurantBar,"Rs4,757",Very good 8.2,New Delhi,24-02-2021,26-02-2021
65,The Palms - Town & Country Club,"B Block, Sushant Lok, Phase I, Gurugram, Delhi N.C.R, 122001, India","24 km to city centre
11 km to Indira Gandhi International Airport (DEL)",PoolFree parkingAirport transferGymRestaurantBar,"Rs4,757",Very good 8.2,New Delhi,24-02-2021,26-02-2021
66,Hotel Hindustan International,"8220A-6 Arakashan Rd, New Delhi, DL, 110055, India","1.8 km to city centre
16 km to Indira Gandhi International Airport (DEL)",Free parkingRestaurant,"Rs2,500",Fabulous 8.6,New Delhi,24-02-2021,26-02-2021
67,The Lodhi - A member of The Leading Hotels Of The World,"Lodhi Road, New Delhi, Delhi N.C.R, 110003, India","4.8 km to city centre
15 km to Indira Gandhi International Airport (DEL)",Free parkingAirport transferRestaurantBarInternet accessConnecting rooms available,"Rs27,000",Superb 9.0,New Delhi,24-02-2021,26-02-2021
68,"Lemon Tree Premier, Delhi Airport","Asset No 6, Aerocity Hospitality District, New Delhi, Delhi N.C.R, 110037, India","13 km to city centre
3.4 km to Indira Gandhi International Airport (DEL)",PoolFree parkingAirport transferSpaGymRestaurant,"Rs6,900",Good 7.4,New Delhi,24-02-2021,26-02-2021
69,Radisson Noida,"C Block, Sector 55, Noida, Uttar Pradesh, 201307, India","13 km to city centre
26 km to Indira Gandhi International Airport (DEL)",PoolFree parkingAirport transferSpaGymRestaurant,"Rs7,500",Very good 8.2,New Delhi,24-02-2021,26-02-2021
70,Maplewood Guest House,"C 43 Neeti Bagh Near Neeti Bagh Club, New Delhi, Delhi N.C.R., 110049, India","8.5 km to city centre
13 km to Indira Gandhi International Airport (DEL)",Free parkingAirport transferMeeting Facilities,"Rs4,598",,New Delhi,24-02-2021,26-02-2021
71,Almondz Hotel,"4/3 East Patel Nagar, Near Metro Pillar No 171, New Delhi, Delhi N.C.R, 110008, India","4.8 km to city centre
13 km to Indira Gandhi International Airport (DEL)",Free parkingPet-friendlyAirport transferSpaGymRestaurant,"Rs5,500",,New Delhi,24-02-2021,26-02-2021
72,Taurus Sarovar Portico,"Igi Airport Rd N H-08, Mahipalpur Extn, New Delhi, Delhi N.C.R, 110037, India","13 km to city centre
4.1 km to Indira Gandhi International Airport (DEL)",Free parkingAirport transferGymRestaurantBarInternet access,"Rs4,498",Good 7.6,New Delhi,24-02-2021,26-02-2021
73,Hotel Golden Oasis Delhi,"901 Chandi Wali Street, Main Bazaar Road, Pahar Ganj, New Delhi, Delhi N.C.R., 110055, India","1.1 km to city centre
16 km to Indira Gandhi International Airport (DEL)",Parking availableAirport transferRestaurantInternet access,"Rs2,240",Good 6.0,New Delhi,24-02-2021,26-02-2021
74,Comfort Home Stay,"A-97, Dayanand Colony, Lajpat Nagar Part 4, New Delhi, Delhi, 110024, India","8.4 km to city centre
16 km to Indira Gandhi International Airport (DEL)",Free parkingAirport transferRestaurantMeeting Facilities,"Rs4,498",Exceptional 10.0,New Delhi,24-02-2021,26-02-2021
75,The Leela Palace New Delhi,"Diplomatic Enclave Chanakyapuri, New Delhi, Delhi N.C.R, 110023, India","4.8 km to city centre
11 km to Indira Gandhi International Airport (DEL)",PoolFree parkingAirport transferSpaGymRestaurant,"Rs29,000",Exceptional 9.6,New Delhi,24-02-2021,26-02-2021
76,The Leela Palace New Delhi,"Diplomatic Enclave Chanakyapuri, New Delhi, Delhi N.C.R, 110023, India","4.8 km to city centre
11 km to Indira Gandhi International Airport (DEL)",PoolFree parkingAirport transferSpaGymRestaurant,"Rs29,000",Exceptional 9.6,New Delhi,24-02-2021,26-02-2021
77,OYO 19631 Grand Aerocity,"402,Near Shalimar School,Gali No-7, Block B, Mahipalpur Village, Mahipalpur, New Delhi, Delhi, 110037, India","13 km to city centre
4.4 km to Indira Gandhi International Airport (DEL)",Free parkingBathtub,"Rs1,815",5.4,New Delhi,24-02-2021,26-02-2021
78,ADB Rooms Sahib Hotel,"7779,RAM nagar, Arakashan Road,Paharganj, New Delhi, Delhi, 110055, India","1.5 km to city centre
16 km to Indira Gandhi International Airport (DEL)",Connecting rooms available,"Rs3,360",,New Delhi,24-02-2021,26-02-2021
79,The Imperial New Delhi,"Janpath Road, New Delhi, Delhi N.C.R, 110001, India","0.8 km to city centre
15 km to Indira Gandhi International Airport (DEL)",PoolFree parkingAirport transferSpaGymRestaurant,"Rs20,000",Exceptional 9.6,New Delhi,24-02-2021,26-02-2021
80,Surya Palace,"D 1/32, Behind Goyalsons shop, Ramphal Chowk Market, Sector 7, Dwarka, New Delhi, DL, 110075, India","16 km to city centre
3.5 km to Indira Gandhi International Airport (DEL)",Free parkingPet-friendlyRestaurantConnecting rooms available,"Rs2,000",,New Delhi,24-02-2021,26-02-2021
81,Hotel Smart Plaza,"191 , Road No. 4, Street No. 9, Mahipalpur, New Delhi, Delhi, 110037, India","13 km to city centre
3.9 km to Indira Gandhi International Airport (DEL)",Free parkingAirport transfer,"Rs3,250",2,New Delhi,24-02-2021,26-02-2021
82,"ITC Maurya, a Luxury Collection Hotel, New Delhi","Diplomatic Enclave, Sadar Patel, New Delhi, Delhi N.C.R, 110021, India","6.1 km to city centre
9.6 km to Indira Gandhi International Airport (DEL)",PoolFree parkingAirport transferSpaGymRestaurant,"Rs9,608",Superb 9.0,New Delhi,24-02-2021,26-02-2021
83,OYO 27596 Hotel Parkash Dx,"7864, Arakashan Road, Near Ajanta Hotel, Ram Nagar, Pahar Ganj, New Delhi, Delhi, 110055, India","1.5 km to city centre
16 km to Indira Gandhi International Airport (DEL)",Bathtub,"Rs1,473",,New Delhi,24-02-2021,26-02-2021
84,Airport Hotel Melfort,"A-120 Blok-A 120 Road No-04, New Delhi, National Capital Territory of Delhi, 110037, India","14 km to city centre
3.3 km to Indira Gandhi International Airport (DEL)",Free parkingAirport transfer,"Rs1,117",Good 6.0,New Delhi,24-02-2021,26-02-2021
85,Hotel Southern,"18/2, Arya Samaj road, Karol Bagh, New Delhi, Delhi N.C.R, 110005, India","2.8 km to city centre
15 km to Indira Gandhi International Airport (DEL)",Airport transferGymRestaurantInternet access,"Rs4,302",Good 6.8,New Delhi,24-02-2021,26-02-2021
86,The Ashtan Sarovar Portico,"C-2,Green Park Extension, New Delhi, Delhi N.C.R, 110016, India","8.3 km to city centre
12 km to Indira Gandhi International Airport (DEL)",Free parkingAirport transferRestaurantInternet access,"Rs8,998",Good 7.8,New Delhi,24-02-2021,26-02-2021
87,The Ashtan Sarovar Portico,"C-2,Green Park Extension, New Delhi, Delhi N.C.R, 110016, India","8.3 km to city centre
12 km to Indira Gandhi International Airport (DEL)",Free parkingAirport transferRestaurantInternet access,"Rs8,998",Good 7.8,New Delhi,24-02-2021,26-02-2021
88,Hotel Sohi Residency,"8/25, W.E.A., Karol Bagh, New Delhi, Delhi N.C.R, 110005, India","3.4 km to city centre
14 km to Indira Gandhi International Airport (DEL)",Free parkingAirport transferGym,"Rs10,972",Very good 8.0,New Delhi,24-02-2021,28-02-2021
89,The Metropolitan Hotel and Spa New Delhi,"Bangla Sahib Road, Connaught Place, New Delhi, Delhi N.C.R, 110 001, India","1.1 km to city centre
15 km to Indira Gandhi International Airport (DEL)",PoolFree parkingAirport transferSpaGymRestaurant,"Rs14,000",Very good 8.2,New Delhi,24-02-2021,28-02-2021
90,The Park New Delhi,"15 Parliament Street, Near Connaught Place, New Delhi, Delhi N.C.R, 110001, India","0.6 km to city centre
15 km to Indira Gandhi International Airport (DEL)",PoolFree parkingSpaGymRestaurantBar,"Rs14,396",Good 6.8,New Delhi,24-02-2021,28-02-2021
91,The Park New Delhi,"15 Parliament Street, Near Connaught Place, New Delhi, Delhi N.C.R, 110001, India","0.6 km to city centre
15 km to Indira Gandhi International Airport (DEL)",PoolFree parkingSpaGymRestaurantBar,"Rs14,396",Good 6.8,New Delhi,24-02-2021,28-02-2021
92,Hotel Blue Stone - Nehru Place,"CC-24, Nehru Enclave, Opp. Paras Cinema, Nehru Place, New Delhi, Delhi, 110019, India","10 km to city centre
16 km to Indira Gandhi International Airport (DEL)",Free parkingRestaurant,"Rs6,448",Good 7.6,New Delhi,24-02-2021,28-02-2021
93,"Eros Hotel New Delhi, Nehru Place","Nehru Place, New Delhi, 110019, India","9.7 km to city centre
16 km to Indira Gandhi International Airport (DEL)",PoolFree parkingAirport transferRestaurantBarBathtub,"Rs13,797",Good 7.4,New Delhi,24-02-2021,28-02-2021
94,"Eros Hotel New Delhi, Nehru Place","Nehru Place, New Delhi, 110019, India","9.7 km to city centre
16 km to Indira Gandhi International Airport (DEL)",PoolFree parkingAirport transferRestaurantBarBathtub,"Rs13,797",Good 7.4,New Delhi,24-02-2021,28-02-2021
95,OYO 11403 Hotel Daffodils,"105, B-105, Gurugram, India","26 km to city centre
13 km to Indira Gandhi International Airport (DEL)",Free parkingRestaurantBathtub,"Rs7,798",,New Delhi,24-02-2021,28-02-2021
96,ADB Rooms Gaurav Guest House,"9201/4,Multani Dhanda, Paharganj, New Delhi, DL, 110055, India","1.9 km to city centre
16 km to Indira Gandhi International Airport (DEL)",Bathtub,"Rs6,400",,New Delhi,24-02-2021,28-02-2021
97,Hotel Godwin Deluxe,"8501/15 Arakashan Road, Paharganj, New Delhi, Delhi N.C.R, 110055, India","1.5 km to city centre
16 km to Indira Gandhi International Airport (DEL)",Free parkingAirport transferRestaurantBarInternet accessConnecting rooms available,"Rs5,520",Good 7.4,New Delhi,24-02-2021,28-02-2021
98,Hotel Godwin Deluxe,"8501/15 Arakashan Road, Paharganj, New Delhi, Delhi N.C.R, 110055, India","1.5 km to city centre
16 km to Indira Gandhi International Airport (DEL)",Free parkingAirport transferRestaurantBarInternet accessConnecting rooms available,"Rs5,520",Good 7.4,New Delhi,24-02-2021,28-02-2021
99,Hotel Sunstar Grand,"7A/17, W.E.A., Channa Market, Karol Bagh, New Delhi, Delhi N.C.R, 110005, India","3.8 km to city centre
14 km to Indira Gandhi International Airport (DEL)",Free parkingAirport transferRestaurant,"Rs4,800",Good 7.6,New Delhi,24-02-2021,28-02-2021
100,The Claridges New Delhi,"12 Dr APJ Abdul Kalam Road, (Formerly known as Aurangzeb Road), New Delhi, National Capital Territory of Delhi, 110011, India","9.1 km to city centre
6.5 km to Indira Gandhi International Airport (DEL)",PoolFree parkingAirport transferSpaGymRestaurant,"Rs15,795",Fabulous 8.8,New Delhi,24-02-2021,28-02-2021
101,WelcomHeritage Haveli Dharampura,"2293, Gali Guliyan, Dharampura, Delhi-6, Near Jama Masjid Gate No. 3, New Delhi, 110006, India","2.6 km to city centre
18 km to Indira Gandhi International Airport (DEL)",Parking availableAirport transferRestaurantBarConnecting rooms available,"Rs29,996",Fabulous 8.8,New Delhi,24-02-2021,28-02-2021
102,OYO 19631 Grand Aerocity,"402,Near Shalimar School,Gali No-7, Block B, Mahipalpur Village, Mahipalpur, New Delhi, Delhi, 110037, India","13 km to city centre
4.4 km to Indira Gandhi International Airport (DEL)",Free parkingBathtub,"Rs3,786",5.4,New Delhi,24-02-2021,28-02-2021
103,Roseate House,"Plot No. 10, GMR Hospitality District, Indira Gandhi International Airport, New Delhi, Delhi N.C.R, 110037, India","13 km to city centre
3.4 km to Indira Gandhi International Airport (DEL)",PoolFree parkingAirport transferSpaGymRestaurant,"Rs17,872",Fabulous 8.6,New Delhi,24-02-2021,28-02-2021
104,Hotel City Star,"8718 D.B. Gupta Road Paharganj, New Delhi, Delhi N.C.R, 110055, India","1.5 km to city centre
16 km to Indira Gandhi International Airport (DEL)",Free parkingAirport transferGymRestaurant,"Rs8,798",Very good 8.2,New Delhi,24-02-2021,28-02-2021
105,Omehar Stay,"A 1029/1 Road No. 6 & 7, Near NH-8 Mahipalpur, New Delhi, Delhi, 110037, India","13 km to city centre
4.5 km to Indira Gandhi International Airport (DEL)",Free parkingPet-friendlyAirport transferRestaurantBar,"Rs3,600",,New Delhi,24-02-2021,28-02-2021
106,Eternity,"B-40, Vishal Enclave, Rajouri Garden, New Delhi, Delhi N.C.R, 110027, India","10 km to city centre
11 km to Indira Gandhi International Airport (DEL)",Free parkingAirport transferRestaurantInternet access,"Rs10,172",5,New Delhi,24-02-2021,28-02-2021
107,Sheraton New Delhi Hotel,"District Centre, Saket, New Delhi, Delhi N.C.R, 110017, India","12 km to city centre
13 km to Indira Gandhi International Airport (DEL)",PoolFree parkingAirport transferSpaGymRestaurant,"Rs14,796",Very good 8.4,New Delhi,24-02-2021,28-02-2021
108,"Taj Palace, New Delhi","2 Sardar Patel Marg, New Delhi, Delhi N.C.R, 110 021, India","6.3 km to city centre
9.4 km to Indira Gandhi International Airport (DEL)",PoolFree parkingAirport transferSpaGymRestaurant,"Rs30,875",Superb 9.0,New Delhi,24-02-2021,28-02-2021
109,"Taj Palace, New Delhi","2 Sardar Patel Marg, New Delhi, Delhi N.C.R, 110 021, India","6.3 km to city centre
9.4 km to Indira Gandhi International Airport (DEL)",PoolFree parkingAirport transferSpaGymRestaurant,"Rs30,875",Superb 9.0,New Delhi,24-02-2021,28-02-2021
110,River Front Hotel Delhi,"A 32/C Kharsa No 391/1, 339/2 Mahipalpur, New Delhi, Delhi, 110037, India","14 km to city centre
4.5 km to Indira Gandhi International Airport (DEL)",Free parking,"Rs2,398",,New Delhi,24-02-2021,28-02-2021
111,Hotel Sunstar Heritage,"8A/43, W.E.A. Channa Market, Karol Bagh, New Delhi, Delhi N.C.R, 110005, India","3.8 km to city centre
14 km to Indira Gandhi International Airport (DEL)",Free parkingAirport transferRestaurantConnecting rooms available,"Rs6,800",Good 7.8,New Delhi,24-02-2021,28-02-2021
112,"Red Fox Hotel, Delhi Airport","Asset Number 6, Aerocity Hospitality District, New Delhi, Delhi N.C.R, 110037, India","13 km to city centre
3.7 km to Indira Gandhi International Airport (DEL)",GymRestaurantConnecting rooms available,"Rs9,120",Good 7.8,New Delhi,24-02-2021,28-02-2021
113,Radisson Blu Hotel New Delhi Paschim Vihar,"Plot No D, Dist Centre, Outer Ring Road, Paschim Vihar, New Delhi, Delhi N.C.R, 110063, India","13 km to city centre
12 km to Indira Gandhi International Airport (DEL)",PoolFree parkingAirport transferSpaGymRestaurant,"Rs9,600",Good 7.6,New Delhi,24-02-2021,28-02-2021
114,Connaught Royale,"106 Babar Road, Connaught Place, New Delhi, 110001, India","0.8 km to city centre
16 km to Indira Gandhi International Airport (DEL)",Free parkingAirport transferRestaurant,"Rs14,557",Good 7.8,New Delhi,24-02-2021,28-02-2021
115,"Vivanta New Delhi,Dwarka","Metro Station Complex, Sector 21, New Delhi, Delhi N.C.R, 110075, India","17 km to city centre
2.3 km to Indira Gandhi International Airport (DEL)",PoolParking availablePet-friendlySpaGymRestaurant,"Rs11,156",Very good 8.2,New Delhi,24-02-2021,28-02-2021
116,Hotel Krishna Plaza,"Plot No.1, Block 80-A Main Bazar, Paharganj, Nr. R.K.Ashram Marg Metro Stn, New Delhi, Delhi, 110055, India","1.2 km to city centre
15 km to Indira Gandhi International Airport (DEL)",Free parkingSpaRestaurant,"Rs4,440",5,New Delhi,24-02-2021,28-02-2021
117,Svelte Hotel & Personal Suites,"A3 District Centre, Select citywalk, Saket, New Delhi, Delhi N.C.R, 110017, India","12 km to city centre
13 km to Indira Gandhi International Airport (DEL)",PoolFree parkingAirport transferGymRestaurantBar,"Rs13,396",Good 7.6,New Delhi,24-02-2021,28-02-2021
118,Pride Plaza Hotel Aerocity New Delhi,"5-A, Hospitality District, Aerocity, Indra Gandhi International Airport, New Delhi, Delhi, 110037, India","13 km to city centre
3.5 km to Indira Gandhi International Airport (DEL)",PoolFree parkingSpaGymRestaurantBar,"Rs11,076",Good 7.6,New Delhi,24-02-2021,28-02-2021
119,Novotel New Delhi Aerocity Hotel,"Asset 2, Aerocity Hospitality District, IGI Airport New Delhi, New Delhi, Delhi N.C.R, 110037, India","13 km to city centre
3.6 km to Indira Gandhi International Airport (DEL)",PoolFree parkingSpaGymRestaurantBar,"Rs11,361",Very good 8.4,New Delhi,24-02-2021,28-02-2021
120,Novotel New Delhi Aerocity Hotel,"Asset 2, Aerocity Hospitality District, IGI Airport New Delhi, New Delhi, Delhi N.C.R, 110037, India","13 km to city centre
3.6 km to Indira Gandhi International Airport (DEL)",PoolFree parkingSpaGymRestaurantBar,"Rs11,361",Very good 8.4,New Delhi,24-02-2021,28-02-2021
121,ibis New Delhi Aerocity Hotel,"Asset No 9, Hospitality District, Delhi Aerocity, New Delhi, Delhi N.C.R, 110037, India","13 km to city centre
3.7 km to Indira Gandhi International Airport (DEL)",PoolFree parkingPet-friendlyGymRestaurantBar,"Rs8,800",Good 7.8,New Delhi,24-02-2021,28-02-2021
122,OYO 46221 Hotel Shiv Dev International,"8518-22, Arakashan Road, Behind Sheila Cinema,Paharganj, New Delhi, Delhi, 110055, India","1.5 km to city centre
16 km to Indira Gandhi International Airport (DEL)",Bathtub,"Rs4,864",,New Delhi,24-02-2021,28-02-2021
123,Hotel Grand Godwin,"8502/41 Arakashan Road, Ram Nagar, Paharganj, New Delhi, Delhi N.C.R, 110055, India","1.5 km to city centre
16 km to Indira Gandhi International Airport (DEL)",Free parkingAirport transferRestaurantInternet accessConnecting rooms available,"Rs5,980",Good 7.0,New Delhi,24-02-2021,28-02-2021
124,Hyatt Regency Delhi,"Bhikaiji Cama Place Ring Road, New Delhi, Delhi N.C.R, 110066, India","7.9 km to city centre
9.8 km to Indira Gandhi International Airport (DEL)",PoolFree parkingSpaGymRestaurantBar,"Rs19,996",Very good 8.2,New Delhi,24-02-2021,28-02-2021
125,OYO 27596 Hotel Parkash Dx,"7864, Arakashan Road, Near Ajanta Hotel, Ram Nagar, Pahar Ganj, New Delhi, Delhi, 110055, India","1.5 km to city centre
16 km to Indira Gandhi International Airport (DEL)",Bathtub,"Rs2,879",,New Delhi,24-02-2021,28-02-2021
126,bloomrooms @ New Delhi Railway Station,"8591 Arakashan Road, Opp. Railway Station, New Delhi, Delhi N.C.R, 110055, India","1.4 km to city centre
16 km to Indira Gandhi International Airport (DEL)",Parking availableAirport transferRestaurant,"Rs6,800",Fabulous 8.6,New Delhi,24-02-2021,28-02-2021
127,WelcomHotel Dwarka - Member ITC Hotel Group,"Plot no 3, Sector 10, District Center, Dwarka, New Delhi, Delhi N.C.R, 110075, India","17 km to city centre
3.9 km to Indira Gandhi International Airport (DEL)",PoolFree parkingAirport transferSpaGymRestaurant,"Rs9,602",Good 7.8,New Delhi,24-02-2021,28-02-2021
128,Hotel ARCH,"A-74, Road No. 4, Near IGI Airport, Mahipalpur, New Delhi, 110037, India","13 km to city centre
4.2 km to Indira Gandhi International Airport (DEL)",Free parkingAirport transferRestaurantInternet access,"Rs5,798",Good 7.0,New Delhi,24-02-2021,28-02-2021
129,"D Pavillon Boutique Hotel, Delhi Airport","Road Number 6, A block 252-C, Mahipalpur, New Delhi, Delhi N.C.R, 110037, India","13 km to city centre
4.2 km to Indira Gandhi International Airport (DEL)",Free parkingPet-friendlyRestaurant,"Rs7,998",2,New Delhi,24-02-2021,28-02-2021
130,OYO 46440 India Continental,"9143/3, Multani Dhanda, Paharganj, 9143/3, Multani Dhanda, Paharganj, New Delhi, Delhi, 110055, India","1.8 km to city centre
16 km to Indira Gandhi International Airport (DEL)",Bathtub,"Rs5,653",,New Delhi,24-02-2021,28-02-2021
131,OYO 46440 India Continental,"9143/3, Multani Dhanda, Paharganj, 9143/3, Multani Dhanda, Paharganj, New Delhi, Delhi, 110055, India","1.8 km to city centre
16 km to Indira Gandhi International Airport (DEL)",Bathtub,"Rs5,653",,New Delhi,24-02-2021,28-02-2021
132,"Shangri-La's - Eros Hotel, New Delhi","19, Ashoka Road, Connaught Place, New Delhi, Delhi N.C.R, 110001, India","1.2 km to city centre
15 km to Indira Gandhi International Airport (DEL)",PoolFree parkingAirport transferSpaGymRestaurant,"Rs24,500",Superb 9.2,New Delhi,24-02-2021,28-02-2021
133,ADB Rooms Days Inn,"Property No. 1, Khasra No. 107, Main Road Haiderpur, New Delhi, Delhi N.C.R., 110088, India","12 km to city centre
19 km to Indira Gandhi International Airport (DEL)",Bathtub,"Rs6,000",,New Delhi,24-02-2021,28-02-2021
134,Hotel Smart Plaza,"191 , Road No. 4, Street No. 9, Mahipalpur, New Delhi, Delhi, 110037, India","13 km to city centre
3.9 km to Indira Gandhi International Airport (DEL)",Free parkingAirport transfer,"Rs6,500",2,New Delhi,24-02-2021,28-02-2021
135,Shervani Hotel Nehru Place,"B-20, Chirag enclave, New Delhi, Delhi N.C.R, 110048, India","9.9 km to city centre
16 km to Indira Gandhi International Airport (DEL)",Free parkingAirport transferGymRestaurant,"Rs14,056",Good 7.6,New Delhi,24-02-2021,28-02-2021
136,Hotel Sunstar Residency,"8A/50, W.E.A. Channa Market, Karol Bagh, New Delhi, Delhi N.C.R, 110005, India","3.9 km to city centre
14 km to Indira Gandhi International Airport (DEL)",Free parkingAirport transferRestaurant,"Rs3,996",Good 7.4,New Delhi,24-02-2021,28-02-2021
137,The Ashok,"Diplomatic Enclave 50-b, Chanakayapuri, New Delhi, Delhi N.C.R, 110 021, India","4.7 km to city centre
12 km to Indira Gandhi International Airport (DEL)",PoolFree parkingAirport transferSpaRestaurantBar,"Rs23,496",Good 6.6,New Delhi,24-02-2021,28-02-2021
138,Radisson Blu Marina Hotel Connaught Place,"G-59 Connaught Place, New Delhi, Delhi N.C.R, 110001, India","0.3 km to city centre
15 km to Indira Gandhi International Airport (DEL)",Free parkingAirport transferSpaGymRestaurantBar,"Rs19,061",Good 7.0,New Delhi,24-02-2021,28-02-2021
139,TG Tashkent Hotel,"2710, STREET NO-8 CHUNA MANDI, PAHARGANJ, New Delhi, DELHI, 110055, India","1.5 km to city centre
16 km to Indira Gandhi International Airport (DEL)",,"Rs5,996",,New Delhi,24-02-2021,28-02-2021
140,Radisson Blu Hotel New Delhi Dwarka,"Plot No. 4, Sector 13, Dwarka, New Delhi, Delhi N.C.R, 110075, India","18 km to city centre
6.5 km to Indira Gandhi International Airport (DEL)",PoolFree parkingSpaGymRestaurantBar,"Rs10,237",Good 6.4,New Delhi,24-02-2021,28-02-2021
141,ADB Rooms Sahib Hotel,"7779,RAM nagar, Arakashan Road,Paharganj, New Delhi, Delhi, 110055, India","1.5 km to city centre
16 km to Indira Gandhi International Airport (DEL)",Connecting rooms available,"Rs6,720",,New Delhi,24-02-2021,28-02-2021
142,ADB Rooms Sahib Hotel,"7779,RAM nagar, Arakashan Road,Paharganj, New Delhi, Delhi, 110055, India","1.5 km to city centre
16 km to Indira Gandhi International Airport (DEL)",Connecting rooms available,"Rs6,720",,New Delhi,24-02-2021,28-02-2021
143,Surya Palace,"D 1/32, Behind Goyalsons shop, Ramphal Chowk Market, Sector 7, Dwarka, New Delhi, DL, 110075, India","16 km to city centre
3.5 km to Indira Gandhi International Airport (DEL)",Free parkingPet-friendlyRestaurantConnecting rooms available,"Rs4,000",,New Delhi,24-02-2021,28-02-2021
144,Radisson Blu Kaushambi Delhi NCR,"H-3, Sector - 14, Kaushambi, Noida, Delhi N.C.R, 201010, India","11 km to city centre
25 km to Indira Gandhi International Airport (DEL)",PoolFree parkingAirport transferSpaGymRestaurant,"Rs11,996",Very good 8.4,New Delhi,24-02-2021,28-02-2021
145,The Orion Plaza,"CC-26, Nehru Enclave, New Delhi, Delhi N.C.R., 110019, India","10 km to city centre
16 km to Indira Gandhi International Airport (DEL)",Free parkingAirport transferRestaurant,"Rs11,442",Good 7.2,New Delhi,24-02-2021,28-02-2021
146,"Hotel The Raj, New Delhi","8495,Arakashan Road , Pahargunj, New Delhi, Delhi N.C.R, 110055, India","1.5 km to city centre
16 km to Indira Gandhi International Airport (DEL)",Free parkingRestaurantInternet access,"Rs5,159",2,New Delhi,24-02-2021,28-02-2021
147,"The Oberoi, New Delhi","Dr. Zakir Hussain Marg, New Delhi, Delhi, 110003, India","4.5 km to city centre
16 km to Indira Gandhi International Airport (DEL)",PoolFree parkingAirport transferSpaGymRestaurant,"Rs49,000",Exceptional 9.8,New Delhi,24-02-2021,28-02-2021
148,Radisson Blu Plaza Delhi Airport,"Near Mahipalpur Extension NH 8, New Delhi, Delhi N.C.R, 110037, India","14 km to city centre
3.5 km to Indira Gandhi International Airport (DEL)",PoolFree parkingAirport transferGymRestaurantBar,"Rs10,979",Very good 8.4,New Delhi,24-02-2021,28-02-2021
149,Airport Hotel Melfort,"A-120 Blok-A 120 Road No-04, New Delhi, National Capital Territory of Delhi, 110037, India","14 km to city centre
3.3 km to Indira Gandhi International Airport (DEL)",Free parkingAirport transfer,"Rs2,373",Good 6.0,New Delhi,24-02-2021,28-02-2021
150,"Ambassador, New Delhi-IHCL SeleQtions","Sujan Singh Park, Subramania Bharti Marg, New Delhi, Delhi N.C.R, 110003, India","3.6 km to city centre
15 km to Indira Gandhi International Airport (DEL)",PoolFree parkingPet-friendlySpaGymRestaurant,"Rs20,405",Fabulous 8.8,New Delhi,24-02-2021,28-02-2021
151,Mandakini Palace,"8/29, W.E.A.,Abdul Aziz Road, Near Jessa, Ram Hospital,Karol Bagh, New Delhi, Delhi, 110005, India","3.0 km to city centre
14 km to Indira Gandhi International Airport (DEL)",Free parkingRestaurantInternet access,"Rs9,298",,New Delhi,24-02-2021,28-02-2021
152,Rockland Hotel Panchsheel Enclave,"C 30, Panchsheel Encalve, New Delhi, Delhi N.C.R, 110017, India","10 km to city centre
14 km to Indira Gandhi International Airport (DEL)",Free parkingAirport transferSpaRestaurant,"Rs7,200",Good 7.0,New Delhi,24-02-2021,28-02-2021
153,Rockland Hotel Panchsheel Enclave,"C 30, Panchsheel Encalve, New Delhi, Delhi N.C.R, 110017, India","10 km to city centre
14 km to Indira Gandhi International Airport (DEL)",Free parkingAirport transferSpaRestaurant,"Rs7,200",Good 7.0,New Delhi,24-02-2021,28-02-2021
154,Smyle Inn,"916, Gali Chandi Wali, Main Bazaar, Paharganj, New Delhi, Delhi N.C.R, 110055, India","1.1 km to city centre
16 km to Indira Gandhi International Airport (DEL)",Airport transferInternet accessConnecting rooms available,"Rs4,202",Good 7.0,New Delhi,24-02-2021,28-02-2021
155,Capital O72563 Hotel M.s Regency,"15A/22 15A/22 WEA Karol Bagh, New Delhi, National Capital Territory of Delhi, 110005, India","3.4 km to city centre
14 km to Indira Gandhi International Airport (DEL)",Free parkingKitchen,"Rs7,336",,New Delhi,24-02-2021,28-02-2021
156,Hyatt Place Gurgaon Udyog Vihar,"15/1 Old Delhi-Gurgaon Road, Sector 18, Gurugram, Delhi N.C.R, 122015, India","21 km to city centre
6.4 km to Indira Gandhi International Airport (DEL)",PoolParking availablePet-friendlyAirport transferGymRestaurant,"Rs9,750",Very good 8.0,New Delhi,24-02-2021,28-02-2021
157,Hari Piorko Inn Express,"4775, Main Bazar Rd, Paharganj, New Delhi, 110055, India","1.1 km to city centre
16 km to Indira Gandhi International Airport (DEL)",Airport transferSpaRestaurantConnecting rooms available,"Rs4,398",Good 7.8,New Delhi,24-02-2021,28-02-2021
158,Treebo Trend AND,"2A Bhawani Kunj, Behind D2 Vasant Kunj, Near ILBS Hospital Gate 6, New Delhi, National Capital Territory of Delhi, 110070, India","15 km to city centre
9.3 km to Indira Gandhi International Airport (DEL)",Free parkingRestaurant,"Rs9,201",Very good 8.4,New Delhi,24-02-2021,28-02-2021
159,Maplewood Guest House,"C 43 Neeti Bagh Near Neeti Bagh Club, New Delhi, Delhi N.C.R., 110049, India","8.5 km to city centre
13 km to Indira Gandhi International Airport (DEL)",Free parkingAirport transfer,"Rs9,196",,New Delhi,24-02-2021,28-02-2021
160,Andaz Delhi - a concept by Hyatt,"Aerocity, New Delhi, Delhi N.C.R., 110037, India","13 km to city centre
3.5 km to Indira Gandhi International Airport (DEL)",PoolFree parkingPet-friendlyAirport transferSpaGym,"Rs20,400",Superb 9.0,New Delhi,24-02-2021,28-02-2021
161,Pullman New Delhi Aerocity Hotel,"Asset No 2, Aerocity Hospitality District, New Delhi, Delhi N.C.R, 110037, India","13 km to city centre
3.6 km to Indira Gandhi International Airport (DEL)",PoolFree parkingSpaGymRestaurantBar,"Rs16,920",Fabulous 8.8,New Delhi,24-02-2021,28-02-2021
162,OYO 30855 Hotel Royal Residency,"12A/23 Wea, Saraswati Marg, Karol Bagh, New Delhi, 110005, India","3.5 km to city centre
14 km to Indira Gandhi International Airport (DEL)",Free parkingBathtub,"Rs4,219",,New Delhi,24-02-2021,28-02-2021
163,The Imperial New Delhi,"Janpath Road, New Delhi, Delhi N.C.R, 110001, India","0.8 km to city centre
15 km to Indira Gandhi International Airport (DEL)",PoolFree parkingAirport transferSpaGymRestaurant,"Rs41,000",Exceptional 9.6,New Delhi,24-02-2021,28-02-2021
164,The Imperial New Delhi,"Janpath Road, New Delhi, Delhi N.C.R, 110001, India","0.8 km to city centre
15 km to Indira Gandhi International Airport (DEL)",PoolFree parkingAirport transferSpaGymRestaurant,"Rs41,000",Exceptional 9.6,New Delhi,24-02-2021,28-02-2021
165,Hotel Golden Oasis Delhi,"901 Chandi Wali Street, Main Bazaar Road, Pahar Ganj, New Delhi, Delhi N.C.R., 110055, India","1.1 km to city centre
16 km to Indira Gandhi International Airport (DEL)",Parking availableAirport transferRestaurantInternet access,"Rs4,480",Good 6.0,New Delhi,24-02-2021,28-02-2021
166,Check In Room Chuna Mandi,"5118, Hotel The Karlo Kastle, R K Ashram, Paharganj, New Delhi, Delhi, 110055, India","1.1 km to city centre
16 km to Indira Gandhi International Airport (DEL)",Airport transferRestaurantInternet access,"Rs4,796",5.8,New Delhi,24-02-2021,28-02-2021
167,Radisson Noida,"C Block, Sector 55, Noida, Uttar Pradesh, 201307, India","13 km to city centre
26 km to Indira Gandhi International Airport (DEL)",PoolFree parkingAirport transferSpaGymRestaurant,"Rs15,000",Very good 8.2,New Delhi,24-02-2021,28-02-2021
168,Hotel Hindustan International,"8220A-6 Arakashan Rd, New Delhi, DL, 110055, India","1.8 km to city centre
16 km to Indira Gandhi International Airport (DEL)",Free parkingRestaurant,"Rs5,000",Fabulous 8.6,New Delhi,24-02-2021,28-02-2021
169,The Leela Palace New Delhi,"Diplomatic Enclave Chanakyapuri, New Delhi, Delhi N.C.R, 110023, India","4.8 km to city centre
11 km to Indira Gandhi International Airport (DEL)",PoolFree parkingAirport transferSpaGymRestaurant,"Rs51,000",Exceptional 9.6,New Delhi,24-02-2021,28-02-2021
170,Taurus Sarovar Portico,"Igi Airport Rd N H-08, Mahipalpur Extn, New Delhi, Delhi N.C.R, 110037, India","13 km to city centre
4.1 km to Indira Gandhi International Airport (DEL)",Free parkingAirport transferGymRestaurantBarInternet access,"Rs7,562",Good 7.6,New Delhi,24-02-2021,28-02-2021
171,The Ashtan Sarovar Portico,"C-2,Green Park Extension, New Delhi, Delhi N.C.R, 110016, India","8.3 km to city centre
12 km to Indira Gandhi International Airport (DEL)",Free parkingAirport transferRestaurantInternet access,"Rs14,813",Good 7.8,New Delhi,24-02-2021,28-02-2021
172,Hotel Aeropath,"RZA -85, Road no 4, Block -RZ, Near IGI Airport, Aerocity, Mahipalpur, New Delhi, Delhi, 110037, India","13 km to city centre
4.3 km to Indira Gandhi International Airport (DEL)",Free parkingAirport transferRestaurant,"Rs2,878",,New Delhi,24-02-2021,28-02-2021
173,Hotel Blue Pearl,"8653-8664, Arakashan Road, near st.anthony school, New Delhi, delhi, 110055, India","1.5 km to city centre
16 km to Indira Gandhi International Airport (DEL)",Free parkingAirport transferRestaurant,"Rs4,752",Very good 8.4,New Delhi,24-02-2021,28-02-2021
174,The Lodhi - A member of The Leading Hotels Of The World,"Lodhi Road, New Delhi, Delhi N.C.R, 110003, India","4.8 km to city centre
15 km to Indira Gandhi International Airport (DEL)",Free parkingAirport transferRestaurantBarInternet accessConnecting rooms available,"Rs56,219",Superb 9.0,New Delhi,24-02-2021,28-02-2021
175,The Lodhi - A member of The Leading Hotels Of The World,"Lodhi Road, New Delhi, Delhi N.C.R, 110003, India","4.8 km to city centre
15 km to Indira Gandhi International Airport (DEL)",Free parkingAirport transferRestaurantBarInternet accessConnecting rooms available,"Rs56,219",Superb 9.0,New Delhi,24-02-2021,28-02-2021
176,Eternity,"B-40, Vishal Enclave, Rajouri Garden, New Delhi, Delhi N.C.R, 110027, India","10 km to city centre
11 km to Indira Gandhi International Airport (DEL)",Free parkingAirport transferRestaurantInternet access,"Rs13,462",5,New Delhi,24-02-2021,02-03-2021
177,"Eros Hotel New Delhi, Nehru Place","Nehru Place, New Delhi, 110019, India","9.7 km to city centre
16 km to Indira Gandhi International Airport (DEL)",PoolFree parkingAirport transferRestaurantBarBathtub,"Rs21,071",Good 7.4,New Delhi,24-02-2021,02-03-2021
178,The Metropolitan Hotel and Spa New Delhi,"Bangla Sahib Road, Connaught Place, New Delhi, Delhi N.C.R, 110 001, India","1.1 km to city centre
15 km to Indira Gandhi International Airport (DEL)",PoolFree parkingAirport transferSpaGymRestaurant,"Rs21,500",Very good 8.2,New Delhi,24-02-2021,02-03-2021
179,The Metropolitan Hotel and Spa New Delhi,"Bangla Sahib Road, Connaught Place, New Delhi, Delhi N.C.R, 110 001, India","1.1 km to city centre
15 km to Indira Gandhi International Airport (DEL)",PoolFree parkingAirport transferSpaGymRestaurant,"Rs21,500",Very good 8.2,New Delhi,24-02-2021,02-03-2021
180,Hotel Sohi Residency,"8/25, W.E.A., Karol Bagh, New Delhi, Delhi N.C.R, 110005, India","3.4 km to city centre
14 km to Indira Gandhi International Airport (DEL)",Free parkingAirport transferGym,"Rs14,264",Very good 8.0,New Delhi,24-02-2021,02-03-2021
181,Rockland Hotel Panchsheel Enclave,"C 30, Panchsheel Encalve, New Delhi, Delhi N.C.R, 110017, India","10 km to city centre
14 km to Indira Gandhi International Airport (DEL)",Free parkingAirport transferSpaRestaurant,"Rs10,795",Good 7.0,New Delhi,24-02-2021,02-03-2021
182,Rockland Hotel Panchsheel Enclave,"C 30, Panchsheel Encalve, New Delhi, Delhi N.C.R, 110017, India","10 km to city centre
14 km to Indira Gandhi International Airport (DEL)",Free parkingAirport transferSpaRestaurant,"Rs10,795",Good 7.0,New Delhi,24-02-2021,02-03-2021
183,OYO 11403 Hotel Daffodils,"105, B-105, Gurugram, India","26 km to city centre
13 km to Indira Gandhi International Airport (DEL)",Free parkingRestaurantBathtub,"Rs11,505",,New Delhi,24-02-2021,02-03-2021
184,The Claridges New Delhi,"12 Dr APJ Abdul Kalam Road, (Formerly known as Aurangzeb Road), New Delhi, National Capital Territory of Delhi, 110011, India","9.1 km to city centre
6.5 km to Indira Gandhi International Airport (DEL)",PoolFree parkingAirport transferSpaGymRestaurant,"Rs24,165",Fabulous 8.8,New Delhi,24-02-2021,02-03-2021
185,Almondz Hotel,"4/3 East Patel Nagar, Near Metro Pillar No 171, New Delhi, Delhi N.C.R, 110008, India","4.8 km to city centre
13 km to Indira Gandhi International Airport (DEL)",Free parkingPet-friendlyAirport transferSpaGymRestaurant,"Rs16,500",,New Delhi,24-02-2021,02-03-2021
186,Almondz Hotel,"4/3 East Patel Nagar, Near Metro Pillar No 171, New Delhi, Delhi N.C.R, 110008, India","4.8 km to city centre
13 km to Indira Gandhi International Airport (DEL)",Free parkingPet-friendlyAirport transferSpaGymRestaurant,"Rs16,500",,New Delhi,24-02-2021,02-03-2021
187,Almondz Hotel,"4/3 East Patel Nagar, Near Metro Pillar No 171, New Delhi, Delhi N.C.R, 110008, India","4.8 km to city centre
13 km to Indira Gandhi International Airport (DEL)",Free parkingPet-friendlyAirport transferSpaGymRestaurant,"Rs16,500",,New Delhi,24-02-2021,02-03-2021
188,ADB Rooms Gaurav Guest House,"9201/4,Multani Dhanda, Paharganj, New Delhi, DL, 110055, India","1.9 km to city centre
16 km to Indira Gandhi International Airport (DEL)",Bathtub,"Rs9,600",,New Delhi,24-02-2021,02-03-2021
189,Roseate House,"Plot No. 10, GMR Hospitality District, Indira Gandhi International Airport, New Delhi, Delhi N.C.R, 110037, India","13 km to city centre
3.4 km to Indira Gandhi International Airport (DEL)",PoolFree parkingAirport transferSpaGymRestaurant,"Rs26,809",Fabulous 8.6,New Delhi,24-02-2021,02-03-2021
190,Hyatt Regency Delhi,"Bhikaiji Cama Place Ring Road, New Delhi, Delhi N.C.R, 110066, India","7.9 km to city centre
9.8 km to Indira Gandhi International Airport (DEL)",PoolFree parkingSpaGymRestaurantBar,"Rs29,994",Very good 8.2,New Delhi,24-02-2021,02-03-2021
191,Svelte Hotel & Personal Suites,"A3 District Centre, Select citywalk, Saket, New Delhi, Delhi N.C.R, 110017, India","12 km to city centre
13 km to Indira Gandhi International Airport (DEL)",PoolFree parkingAirport transferGymRestaurantBar,"Rs20,194",Good 7.6,New Delhi,24-02-2021,02-03-2021
192,Pride Plaza Hotel Aerocity New Delhi,"5-A, Hospitality District, Aerocity, Indra Gandhi International Airport, New Delhi, Delhi, 110037, India","13 km to city centre
3.5 km to Indira Gandhi International Airport (DEL)",PoolFree parkingSpaGymRestaurantBar,"Rs17,074",Good 7.6,New Delhi,24-02-2021,02-03-2021
193,The Park New Delhi,"15 Parliament Street, Near Connaught Place, New Delhi, Delhi N.C.R, 110001, India","0.6 km to city centre
15 km to Indira Gandhi International Airport (DEL)",PoolFree parkingSpaGymRestaurantBar,"Rs22,495",Good 6.8,New Delhi,24-02-2021,02-03-2021
194,Hotel Blue Stone - Nehru Place,"CC-24, Nehru Enclave, Opp. Paras Cinema, Nehru Place, New Delhi, Delhi, 110019, India","10 km to city centre
16 km to Indira Gandhi International Airport (DEL)",Free parkingRestaurant,"Rs9,937",Good 7.6,New Delhi,24-02-2021,02-03-2021
195,Hotel Blue Stone - Nehru Place,"CC-24, Nehru Enclave, Opp. Paras Cinema, Nehru Place, New Delhi, Delhi, 110019, India","10 km to city centre
16 km to Indira Gandhi International Airport (DEL)",Free parkingRestaurant,"Rs9,937",Good 7.6,New Delhi,24-02-2021,02-03-2021
196,Shervani Hotel Nehru Place,"B-20, Chirag enclave, New Delhi, Delhi N.C.R, 110048, India","9.9 km to city centre
16 km to Indira Gandhi International Airport (DEL)",Free parkingAirport transferGymRestaurant,"Rs18,865",Good 7.6,New Delhi,24-02-2021,02-03-2021
197,WelcomHotel Dwarka - Member ITC Hotel Group,"Plot no 3, Sector 10, District Center, Dwarka, New Delhi, Delhi N.C.R, 110075, India","17 km to city centre
3.9 km to Indira Gandhi International Airport (DEL)",PoolFree parkingAirport transferSpaGymRestaurant,"Rs15,306",Good 7.8,New Delhi,24-02-2021,02-03-2021
198,ibis New Delhi Aerocity Hotel,"Asset No 9, Hospitality District, Delhi Aerocity, New Delhi, Delhi N.C.R, 110037, India","13 km to city centre
3.7 km to Indira Gandhi International Airport (DEL)",PoolFree parkingPet-friendlyGymRestaurantBar,"Rs13,200",Good 7.8,New Delhi,24-02-2021,02-03-2021
199,River Front Hotel Delhi,"A 32/C Kharsa No 391/1, 339/2 Mahipalpur, New Delhi, Delhi, 110037, India","14 km to city centre
4.5 km to Indira Gandhi International Airport (DEL)",Free parking,"Rs3,596",,New Delhi,24-02-2021,02-03-2021
200,The Ashtan Sarovar Portico,"C-2,Green Park Extension, New Delhi, Delhi N.C.R, 110016, India","8.3 km to city centre
12 km to Indira Gandhi International Airport (DEL)",Free parkingAirport transferRestaurantInternet access,"Rs20,397",Good 7.8,New Delhi,24-02-2021,02-03-2021
201,"Shangri-La's - Eros Hotel, New Delhi","19, Ashoka Road, Connaught Place, New Delhi, Delhi N.C.R, 110001, India","1.2 km to city centre
15 km to Indira Gandhi International Airport (DEL)",PoolFree parkingAirport transferSpaGymRestaurant,"Rs36,500",Superb 9.2,New Delhi,24-02-2021,02-03-2021
202,Hotel Sunstar Grand,"7A/17, W.E.A., Channa Market, Karol Bagh, New Delhi, Delhi N.C.R, 110005, India","3.8 km to city centre
14 km to Indira Gandhi International Airport (DEL)",Free parkingAirport transferRestaurant,"Rs7,500",Good 7.6,New Delhi,24-02-2021,02-03-2021
203,Hotel ARCH,"A-74, Road No. 4, Near IGI Airport, Mahipalpur, New Delhi, 110037, India","13 km to city centre
4.2 km to Indira Gandhi International Airport (DEL)",Free parkingAirport transferRestaurantInternet access,"Rs8,697",Good 7.0,New Delhi,24-02-2021,02-03-2021
204,Hotel ARCH,"A-74, Road No. 4, Near IGI Airport, Mahipalpur, New Delhi, 110037, India","13 km to city centre
4.2 km to Indira Gandhi International Airport (DEL)",Free parkingAirport transferRestaurantInternet access,"Rs8,697",Good 7.0,New Delhi,24-02-2021,02-03-2021
205,Hotel Smart Plaza,"191 , Road No. 4, Street No. 9, Mahipalpur, New Delhi, Delhi, 110037, India","13 km to city centre
3.9 km to Indira Gandhi International Airport (DEL)",Free parkingAirport transfer,"Rs9,750",2,New Delhi,24-02-2021,02-03-2021
206,Omehar Stay,"A 1029/1 Road No. 6 & 7, Near NH-8 Mahipalpur, New Delhi, Delhi, 110037, India","13 km to city centre
4.5 km to Indira Gandhi International Airport (DEL)",Free parkingPet-friendlyAirport transferRestaurantBar,"Rs5,400",,New Delhi,24-02-2021,02-03-2021
207,Taurus Sarovar Portico,"Igi Airport Rd N H-08, Mahipalpur Extn, New Delhi, Delhi N.C.R, 110037, India","13 km to city centre
4.1 km to Indira Gandhi International Airport (DEL)",Free parkingAirport transferGymRestaurantBarInternet access,"Rs11,725",Good 7.6,New Delhi,24-02-2021,02-03-2021
208,Radisson Blu Hotel New Delhi Paschim Vihar,"Plot No D, Dist Centre, Outer Ring Road, Paschim Vihar, New Delhi, Delhi N.C.R, 110063, India","13 km to city centre
12 km to Indira Gandhi International Airport (DEL)",PoolFree parkingAirport transferSpaGymRestaurant,"Rs16,080",Good 7.6,New Delhi,24-02-2021,02-03-2021
209,Novotel New Delhi Aerocity Hotel,"Asset 2, Aerocity Hospitality District, IGI Airport New Delhi, New Delhi, Delhi N.C.R, 110037, India","13 km to city centre
3.6 km to Indira Gandhi International Airport (DEL)",PoolFree parkingSpaGymRestaurantBar,"Rs16,801",Very good 8.4,New Delhi,24-02-2021,02-03-2021
210,The Orion Plaza,"CC-26, Nehru Enclave, New Delhi, Delhi N.C.R., 110019, India","10 km to city centre
16 km to Indira Gandhi International Airport (DEL)",Free parkingAirport transferRestaurant,"Rs17,238",Good 7.2,New Delhi,24-02-2021,02-03-2021
211,The Suryaa New Delhi,"New Friends Colony, New Delhi, Delhi N.C.R, 110025, India","9.4 km to city centre
18 km to Indira Gandhi International Airport (DEL)",PoolFree parkingAirport transferSpaGymRestaurant,"Rs24,200",Good 7.0,New Delhi,24-02-2021,02-03-2021
212,Hotel Godwin Deluxe,"8501/15 Arakashan Road, Paharganj, New Delhi, Delhi N.C.R, 110055, India","1.5 km to city centre
16 km to Indira Gandhi International Airport (DEL)",Free parkingAirport transferRestaurantBarInternet accessConnecting rooms available,"Rs8,280",Good 7.4,New Delhi,24-02-2021,02-03-2021
213,Hotel Godwin Deluxe,"8501/15 Arakashan Road, Paharganj, New Delhi, Delhi N.C.R, 110055, India","1.5 km to city centre
16 km to Indira Gandhi International Airport (DEL)",Free parkingAirport transferRestaurantBarInternet accessConnecting rooms available,"Rs8,280",Good 7.4,New Delhi,24-02-2021,02-03-2021
214,ADB Rooms Days Inn,"Property No. 1, Khasra No. 107, Main Road Haiderpur, New Delhi, Delhi N.C.R., 110088, India","12 km to city centre
19 km to Indira Gandhi International Airport (DEL)",Bathtub,"Rs9,000",,New Delhi,24-02-2021,02-03-2021
215,"D Pavillon Boutique Hotel, Delhi Airport","Road Number 6, A block 252-C, Mahipalpur, New Delhi, Delhi N.C.R, 110037, India","13 km to city centre
4.2 km to Indira Gandhi International Airport (DEL)",Free parkingPet-friendlyRestaurant,"Rs11,998",2,New Delhi,24-02-2021,02-03-2021
216,The Ashok,"Diplomatic Enclave 50-b, Chanakayapuri, New Delhi, Delhi N.C.R, 110 021, India","4.7 km to city centre
12 km to Indira Gandhi International Airport (DEL)",PoolFree parkingAirport transferSpaRestaurantBar,"Rs34,994",Good 6.6,New Delhi,24-02-2021,02-03-2021
217,The Grand New Delhi,"Vasant Kunj, Phase II, Nelson Mandela Road, New Delhi, Delhi N.C.R, 110070, India","12 km to city centre
6.8 km to Indira Gandhi International Airport (DEL)",PoolFree parkingSpaGymRestaurantBar,"Rs21,595",Good 6.8,New Delhi,24-02-2021,02-03-2021
218,Radisson Blu Plaza Delhi Airport,"Near Mahipalpur Extension NH 8, New Delhi, Delhi N.C.R, 110037, India","14 km to city centre
3.5 km to Indira Gandhi International Airport (DEL)",PoolFree parkingAirport transferGymRestaurantBar,"Rs16,604",Very good 8.4,New Delhi,24-02-2021,02-03-2021
219,Hotel Sunstar Heritage,"8A/43, W.E.A. Channa Market, Karol Bagh, New Delhi, Delhi N.C.R, 110005, India","3.8 km to city centre
14 km to Indira Gandhi International Airport (DEL)",Free parkingAirport transferRestaurantConnecting rooms available,"Rs9,180",Good 7.8,New Delhi,24-02-2021,02-03-2021
220,"Vivanta New Delhi,Dwarka","Metro Station Complex, Sector 21, New Delhi, Delhi N.C.R, 110075, India","17 km to city centre
2.3 km to Indira Gandhi International Airport (DEL)",PoolParking availablePet-friendlySpaGymRestaurant,"Rs17,726",Very good 8.2,New Delhi,24-02-2021,02-03-2021
221,Hyatt Place Gurgaon Udyog Vihar,"15/1 Old Delhi-Gurgaon Road, Sector 18, Gurugram, Delhi N.C.R, 122015, India","21 km to city centre
6.4 km to Indira Gandhi International Airport (DEL)",PoolParking availablePet-friendlyAirport transferGymRestaurant,"Rs14,680",Very good 8.0,New Delhi,24-02-2021,02-03-2021
222,Hyatt Place Gurgaon Udyog Vihar,"15/1 Old Delhi-Gurgaon Road, Sector 18, Gurugram, Delhi N.C.R, 122015, India","21 km to city centre
6.4 km to Indira Gandhi International Airport (DEL)",PoolParking availablePet-friendlyAirport transferGymRestaurant,"Rs14,680",Very good 8.0,New Delhi,24-02-2021,02-03-2021
223,Fraser Suites New Delhi,"Plot Number Four, District Centre, New Delhi, Delhi N.C.R, 110091, India","8.6 km to city centre
21 km to Indira Gandhi International Airport (DEL)",PoolFree parkingPet-friendlySpaGymRestaurant,"Rs23,200",Good 7.8,New Delhi,24-02-2021,02-03-2021
224,"Red Fox Hotel, Delhi Airport","Asset Number 6, Aerocity Hospitality District, New Delhi, Delhi N.C.R, 110037, India","13 km to city centre
3.7 km to Indira Gandhi International Airport (DEL)",GymRestaurantConnecting rooms available,"Rs14,160",Good 7.8,New Delhi,24-02-2021,02-03-2021
225,Radisson Blu Hotel New Delhi Dwarka,"Plot No. 4, Sector 13, Dwarka, New Delhi, Delhi N.C.R, 110075, India","18 km to city centre
6.5 km to Indira Gandhi International Airport (DEL)",PoolFree parkingSpaGymRestaurantBar,"Rs16,796",Good 6.4,New Delhi,24-02-2021,02-03-2021
226,"Lemon Tree Premier, Delhi Airport","Asset No 6, Aerocity Hospitality District, New Delhi, Delhi N.C.R, 110037, India","13 km to city centre
3.4 km to Indira Gandhi International Airport (DEL)",PoolFree parkingAirport transferSpaGymRestaurant,"Rs22,860",Good 7.4,New Delhi,24-02-2021,02-03-2021
227,"ITC Maurya, a Luxury Collection Hotel, New Delhi","Diplomatic Enclave, Sadar Patel, New Delhi, Delhi N.C.R, 110021, India","6.1 km to city centre
9.6 km to Indira Gandhi International Airport (DEL)",PoolFree parkingAirport transferSpaGymRestaurant,"Rs28,960",Superb 9.0,New Delhi,24-02-2021,02-03-2021
228,La Sapphire Hotel,"A-23, NH 8, Mahipal pur Extension, New Delhi, Delhi N.C.R, 110037, India","13 km to city centre
3.9 km to Indira Gandhi International Airport (DEL)",Free parkingAirport transferSpaRestaurantInternet accessConnecting rooms available,"Rs11,157",Very good 8.0,New Delhi,24-02-2021,02-03-2021
229,Airport Hotel Melfort,"A-120 Blok-A 120 Road No-04, New Delhi, National Capital Territory of Delhi, 110037, India","14 km to city centre
3.3 km to Indira Gandhi International Airport (DEL)",Free parkingAirport transfer,"Rs3,769",Good 6.0,New Delhi,24-02-2021,02-03-2021
230,Radisson Blu Kaushambi Delhi NCR,"H-3, Sector - 14, Kaushambi, Noida, Delhi N.C.R, 201010, India","11 km to city centre
25 km to Indira Gandhi International Airport (DEL)",PoolFree parkingAirport transferSpaGymRestaurant,"Rs18,594",Very good 8.4,New Delhi,24-02-2021,02-03-2021
231,Radisson Blu Kaushambi Delhi NCR,"H-3, Sector - 14, Kaushambi, Noida, Delhi N.C.R, 201010, India","11 km to city centre
25 km to Indira Gandhi International Airport (DEL)",PoolFree parkingAirport transferSpaGymRestaurant,"Rs18,594",Very good 8.4,New Delhi,24-02-2021,02-03-2021
232,Hotel City Star,"8718 D.B. Gupta Road Paharganj, New Delhi, Delhi N.C.R, 110055, India","1.5 km to city centre
16 km to Indira Gandhi International Airport (DEL)",Free parkingAirport transferGymRestaurant,"Rs13,198",Very good 8.2,New Delhi,24-02-2021,02-03-2021
233,OYO 19631 Grand Aerocity,"402,Near Shalimar School,Gali No-7, Block B, Mahipalpur Village, Mahipalpur, New Delhi, Delhi, 110037, India","13 km to city centre
4.4 km to Indira Gandhi International Airport (DEL)",Free parkingBathtub,"Rs5,569",5.4,New Delhi,24-02-2021,02-03-2021
234,Park Inn by Radisson New Delhi IP Extension,"Plot No. 6A IP Extension, Patparganj, New Delhi, Delhi N.C.R, 110092, India","9.3 km to city centre
24 km to Indira Gandhi International Airport (DEL)",PoolFree parkingAirport transferGymRestaurantBar,"Rs15,645",Good 6.2,New Delhi,24-02-2021,02-03-2021
235,The Leela Delhi Ambience Convention Hotel,"1 CBD, Maharaja Surajmal Road, Near Yamuma Sports Complex, New Delhi, 110032, India","8.7 km to city centre
24 km to Indira Gandhi International Airport (DEL)",PoolFree parkingAirport transferSpaGymRestaurant,"Rs22,890",Superb 9.0,New Delhi,24-02-2021,02-03-2021
236,ibis Gurgaon Golf Course Road Hotel,"Block 1 Sector 53 Golf Course, Gurugram, Delhi N.C.R, 122001, India","25 km to city centre
13 km to Indira Gandhi International Airport (DEL)",Free parkingAirport transferGymRestaurantBarInternet access,"Rs10,800",Good 7.8,New Delhi,24-02-2021,02-03-2021
237,Smyle Inn,"916, Gali Chandi Wali, Main Bazaar, Paharganj, New Delhi, Delhi N.C.R, 110055, India","1.1 km to city centre
16 km to Indira Gandhi International Airport (DEL)",Airport transferInternet accessConnecting rooms available,"Rs6,599",Good 7.0,New Delhi,24-02-2021,02-03-2021
238,Hotel Aeroporto,"A-386/2, Road No-2 NH-8, Near I.G.I Airport Mahipalpur Extn., New Delhi, Delhi N.C.R, 110037, India","14 km to city centre
4.5 km to Indira Gandhi International Airport (DEL)",Free parkingAirport transferRestaurantInternet access,"Rs5,184",Good 6.8,New Delhi,24-02-2021,02-03-2021
239,Hotel Saket 27,"J-27, Saket, New Delhi, Delhi, 110017, India","13 km to city centre
13 km to Indira Gandhi International Airport (DEL)",Free parkingAirport transferRestaurant,"Rs12,438",Good 7.2,New Delhi,24-02-2021,02-03-2021
240,Hotel Saket 27,"J-27, Saket, New Delhi, Delhi, 110017, India","13 km to city centre
13 km to Indira Gandhi International Airport (DEL)",Free parkingAirport transferRestaurant,"Rs12,438",Good 7.2,New Delhi,24-02-2021,02-03-2021
241,bloomrooms @ New Delhi Railway Station,"8591 Arakashan Road, Opp. Railway Station, New Delhi, Delhi N.C.R, 110055, India","1.4 km to city centre
16 km to Indira Gandhi International Airport (DEL)",Parking availableAirport transferRestaurant,"Rs10,200",Fabulous 8.6,New Delhi,24-02-2021,02-03-2021
242,Hotel Aeropath,"RZA -85, Road no 4, Block -RZ, Near IGI Airport, Aerocity, Mahipalpur, New Delhi, Delhi, 110037, India","13 km to city centre
4.3 km to Indira Gandhi International Airport (DEL)",Free parkingAirport transferRestaurant,"Rs4,316",,New Delhi,24-02-2021,02-03-2021
243,OYO 19132 Elite Hotels,"F-666 Ramphal Chowk Sector 7, Near Ignou University, New Delhi, Delhi, 110075, India","15 km to city centre
3.6 km to Indira Gandhi International Airport (DEL)",Bathtub,"Rs7,722",Good 7.0,New Delhi,24-02-2021,02-03-2021
244,The Palms - Town & Country Club,"B Block, Sushant Lok, Phase I, Gurugram, Delhi N.C.R, 122001, India","24 km to city centre
11 km to Indira Gandhi International Airport (DEL)",PoolFree parkingAirport transferGymRestaurantBar,"Rs16,655",Very good 8.2,New Delhi,24-02-2021,02-03-2021
245,"Hotel The Raj, New Delhi","8495,Arakashan Road , Pahargunj, New Delhi, Delhi N.C.R, 110055, India","1.5 km to city centre
16 km to Indira Gandhi International Airport (DEL)",Free parkingRestaurantInternet access,"Rs6,584",2,New Delhi,24-02-2021,02-03-2021
246,"Taj Palace, New Delhi","2 Sardar Patel Marg, New Delhi, Delhi N.C.R, 110 021, India","6.3 km to city centre
9.4 km to Indira Gandhi International Airport (DEL)",PoolFree parkingAirport transferSpaGymRestaurant,"Rs72,322",Superb 9.0,New Delhi,24-02-2021,02-03-2021
247,Maplewood Guest House,"C 43 Neeti Bagh Near Neeti Bagh Club, New Delhi, Delhi N.C.R., 110049, India","8.5 km to city centre
13 km to Indira Gandhi International Airport (DEL)",Free parkingAirport transfer,"Rs13,870",,New Delhi,24-02-2021,02-03-2021
248,Surya Palace,"D 1/32, Behind Goyalsons shop, Ramphal Chowk Market, Sector 7, Dwarka, New Delhi, DL, 110075, India","16 km to city centre
3.5 km to Indira Gandhi International Airport (DEL)",Free parkingPet-friendlyRestaurantConnecting rooms available,"Rs6,000",,New Delhi,24-02-2021,02-03-2021
249,Surya Palace,"D 1/32, Behind Goyalsons shop, Ramphal Chowk Market, Sector 7, Dwarka, New Delhi, DL, 110075, India","16 km to city centre
3.5 km to Indira Gandhi International Airport (DEL)",Free parkingPet-friendlyRestaurantConnecting rooms available,"Rs6,000",,New Delhi,24-02-2021,02-03-2021
250,Jaypee Siddharth,"3 Rajendra Place, New Delhi, Delhi N.C.R, 110008, India","4.5 km to city centre
13 km to Indira Gandhi International Airport (DEL)",PoolFree parkingAirport transferSpaGymRestaurant,"Rs19,094",Good 7.6,New Delhi,24-02-2021,02-03-2021
251,The Pllazio Hotel,"Plot Number 292 - 296, City Center, Sector 29, Gurugram, Delhi N.C.R, 122001, India","24 km to city centre
11 km to Indira Gandhi International Airport (DEL)",PoolFree parkingAirport transferRestaurantBarInternet access,"Rs20,338",Fabulous 8.8,New Delhi,24-02-2021,02-03-2021
252,Hotel Amby Inn,"M-13, Lajpat Nagar -2, (Jal Viihar Circle), New Delhi, Delhi N.C.R, 110024, India","7.8 km to city centre
15 km to Indira Gandhi International Airport (DEL)",Free parkingAirport transferRestaurantConnecting rooms available,"Rs11,567",,New Delhi,24-02-2021,02-03-2021
253,Andaz Delhi - a concept by Hyatt,"Aerocity, New Delhi, Delhi N.C.R., 110037, India","13 km to city centre
3.5 km to Indira Gandhi International Airport (DEL)",PoolFree parkingPet-friendlyAirport transferSpaGym,"Rs28,050",Superb 9.0,New Delhi,24-02-2021,02-03-2021
254,Hotel True stay By Comfort Room,"Main Bazar Rd, New Delhi, DL, 110055, India","1.1 km to city centre
16 km to Indira Gandhi International Airport (DEL)",Restaurant,"Rs5,994",,New Delhi,24-02-2021,02-03-2021
255,Connaught Royale,"106 Babar Road, Connaught Place, New Delhi, 110001, India","0.8 km to city centre
16 km to Indira Gandhi International Airport (DEL)",Free parkingAirport transferRestaurant,"Rs21,836",Good 7.8,New Delhi,24-02-2021,02-03-2021
256,Hotel Shanti Plaza,"8651 Arakashan Road, New Delhi, New Delhi, 110055, India","1.5 km to city centre
16 km to Indira Gandhi International Airport (DEL)",Free parkingAirport transferRestaurant,"Rs6,210",Good 7.0,New Delhi,24-02-2021,02-03-2021
257,"Lemon Tree Premier 2, Gurugram","43-47, City Centre, Sector 29, Gurugram, Haryana, 122002, India","24 km to city centre
10 km to Indira Gandhi International Airport (DEL)",PoolParking availableAirport transferGymRestaurantInternet access,"Rs15,515",Good 7.8,New Delhi,24-02-2021,02-03-2021
258,"Lemon Tree Premier 2, Gurugram","43-47, City Centre, Sector 29, Gurugram, Haryana, 122002, India","24 km to city centre
10 km to Indira Gandhi International Airport (DEL)",PoolParking availableAirport transferGymRestaurantInternet access,"Rs15,515",Good 7.8,New Delhi,24-02-2021,02-03-2021
259,Hotel Grand Godwin,"8502/41 Arakashan Road, Ram Nagar, Paharganj, New Delhi, Delhi N.C.R, 110055, India","1.5 km to city centre
16 km to Indira Gandhi International Airport (DEL)",Free parkingAirport transferRestaurantInternet accessConnecting rooms available,"Rs8,702",Good 7.0,New Delhi,24-02-2021,02-03-2021
260,Hotel Ramhan Palace,"A-125 National Highway-8 Mahipalpur Extn, Near IGI Airport, New Delhi, New Delhi, Delhi N.C.R, 110037, India","13 km to city centre
4.1 km to Indira Gandhi International Airport (DEL)",Free parkingAirport transferRestaurantBarInternet accessConnecting rooms available,"Rs9,115",5.6,New Delhi,24-02-2021,02-03-2021
261,"The Leela Ambience Hotel & Residences, Gurugram","Ambience Island, National Highway-8, Gurugram, Delhi N.C.R, 122002, India","19 km to city centre
5.6 km to Indira Gandhi International Airport (DEL)",PoolFree parkingAirport transferSpaGymRestaurant,"Rs27,996",Very good 8.4,New Delhi,24-02-2021,02-03-2021
262,"Ambassador, New Delhi-IHCL SeleQtions","Sujan Singh Park, Subramania Bharti Marg, New Delhi, Delhi N.C.R, 110003, India","3.6 km to city centre
15 km to Indira Gandhi International Airport (DEL)",PoolFree parkingPet-friendlySpaGymRestaurant,"Rs32,752",Fabulous 8.8,New Delhi,24-02-2021,02-03-2021
263,Hotel Blue Pearl,"8653-8664, Arakashan Road, near st.anthony school, New Delhi, delhi, 110055, India","1.5 km to city centre
16 km to Indira Gandhi International Airport (DEL)",Free parkingAirport transferRestaurant,"Rs6,336",Very good 8.4,New Delhi,24-02-2021,02-03-2021
